[physics]
gravity_y = -9.8100004196167
dt = 0.008333333767950535
ground_half_width = 5000.0
ground_friction = 1.350000023841858
ground_restitution = 0.0

[robot]
suspend_clearance = 1.204255223274231

[robot.torso]
length = 0.6800000071525574
width = 0.09000000357627869
mass = 0.3182400166988373
friction = 1.0

[robot.thigh]
length = 0.46000000834465027
width = 0.09000000357627869
mass = 0.14076001942157745
friction = 1.0

[robot.shin]
length = 0.5
width = 0.09000000357627869
mass = 0.12600000202655792
friction = 1.2000000476837158

[robot.body_dynamics]
angular_damping = 0.8500000238418579
linear_damping = 0.07999999821186066

[robot.initial_pose.torso]
x = 42.266151428222656
y = 0.6839251518249512
angle = -0.02137456089258194

[robot.initial_pose.left_thigh]
x = 42.482269287109375
y = 0.40615421533584595
angle = 1.8430253267288208

[robot.initial_pose.left_shin]
x = 42.81231689453125
y = 0.2427855134010315
angle = 0.44901546835899353

[robot.initial_pose.right_thigh]
x = 42.04243469238281
y = 0.42181578278541565
angle = -1.9168521165847778

[robot.initial_pose.right_shin]
x = 41.80818557739258
y = 0.2504464089870453
angle = -0.07157336920499802

[servo]
kp = 15.03546142578125
ki = 2.730496406555176
kd = 0.3617020845413208
max_torque = 18.148937225341797
integral_limit = 10.0

[servo.zero_offsets]
right_hip = -1.8392802476882935
right_knee = 1.3800795078277588
left_hip = 1.8557238578796387
left_knee = -1.2691965103149414

[servo.initial_targets]
right_hip = -1.9061225652694702
right_knee = 1.825695276260376
left_hip = 1.8757238388061523
left_knee = -1.4251620769500732
