[physics]
gravity_y = -9.8100004196167
dt = 0.008333333767950535
ground_half_width = 5000.0
ground_friction = 1.350000023841858
ground_restitution = 0.0

[robot]
suspend_clearance = 1.2849290370941162
ball_spawn_offset_x_m = 12.0

[robot.torso]
length = 0.6800000071525574
width = 0.09000000357627869
mass = 0.3182400166988373
friction = 1.0

[robot.thigh]
length = 0.46000000834465027
width = 0.09000000357627869
mass = 0.14076001942157745
friction = 1.0

[robot.shin]
length = 0.5
width = 0.09000000357627869
mass = 0.12600000202655792
friction = 1.2000000476837158

[robot.body_dynamics]
angular_damping = 0.8500000238418579
linear_damping = 0.07999999821186066

[robot.initial_pose.torso]
x = 0.0
y = 1.205
angle = 0.0

[robot.initial_pose.left_thigh]
x = 0.014
y = 0.62
angle = 0.05

[robot.initial_pose.left_shin]
x = -0.11
y = 0.19
angle = -0.82

[robot.initial_pose.right_thigh]
x = -0.014
y = 0.62
angle = -0.05

[robot.initial_pose.right_shin]
x = 0.11
y = 0.19
angle = 0.82

[servo]
kp = 20.0
ki = 3.1205673217773438
kd = 0.326241135597229
max_torque = 2.55
max_speed_deg_s = 439.0
integral_limit = 10.0
voltage_min_v = 6.0
voltage_max_v = 15.0
nominal_voltage_v = 12.0
stall_current_a = 3.0
no_load_current_a = 0.2
encoder_bits = 14
weight_kg = 0.046
gear_ratio = 330.0

[servo.zero_offsets]
right_hip = -0.05
right_knee = 0.87
left_hip = 0.05
left_knee = -0.87

[servo.initial_targets]
right_hip = -0.05
right_knee = 0.87
left_hip = 0.05
left_knee = -0.87

[walk]
nominal_speed_mps = 0.2514582309250547
max_speed_mps = 0.2514582309250547
max_accel_mps2 = 0.2
cycle_frequency_hz = 0.5017211714339523
max_cycle_frequency_hz = 3.6480909929681684
nominal_step_length_m = 0.0651915163378815
step_length_gain = 0.0346398544014077
nominal_step_height_m = 0.01
run_step_height_m = 0.05661122518456442
stance_duty_factor = 0.6105034622315215
torso_pitch_kp = 1.1255612943524393
torso_pitch_kd = 0.36157829675298814
hip_upright_gain = 0.7871380019982037
hip_upright_damping = 0.3006118850243731
torso_upright_limit_rad = 0.04150688842985308
torso_forward_lean_per_speed = 0.12861174786570367
torso_forward_lean_max_rad = 0.04150688842985308
velocity_kp = 0.23928972445878122
pelvis_height_target_m = 0.8726764133575922
stance_foot_spread_m = 0.1018697458953185
foot_separation_min_m = 0.14526550567630964
kick_trigger_distance_m = 1.2
kick_forward_impulse_ns = 0.0
kick_upward_impulse_ns = 0.0
recovery_height_threshold_m = 0.5799999833106995
recovery_angle_threshold_rad = 1.0

[rl]
control_substeps = 4
episode_timeout_s = 20.0
torso_min_height = 0.30000001192092896
torso_max_tilt_rad = 1.25
action_limit_deg = 180.0
reward_forward_weight = 3.0
reward_alive_bonus = 0.05
reward_upright_weight = 0.45
reward_height_weight = 0.25
reward_contact_weight = 0.10
reward_ball_forward_weight = 2.0
penalty_torque_weight = 0.0035
penalty_action_delta_weight = 0.0040
