[physics]
gravity_y = -9.8100004196167
dt = 0.008333333767950535
ground_half_width = 5000.0
ground_friction = 1.350000023841858
ground_restitution = 0.0

[robot]
suspend_clearance = 1.2849290370941162
ball_spawn_offset_x_m = 12.0

[robot.torso]
length = 0.6800000071525574
width = 0.09000000357627869
mass = 0.3182400166988373
friction = 1.0

[robot.thigh]
length = 0.46000000834465027
width = 0.09000000357627869
mass = 0.14076001942157745
friction = 1.0

[robot.shin]
length = 0.5
width = 0.09000000357627869
mass = 0.12600000202655792
friction = 1.2000000476837158

[robot.body_dynamics]
angular_damping = 0.8500000238418579
linear_damping = 0.07999999821186066

[robot.initial_pose.torso]
x = 0.0
y = 1.205
angle = 0.0

[robot.initial_pose.left_thigh]
x = 0.014
y = 0.62
angle = 0.05

[robot.initial_pose.left_shin]
x = -0.11
y = 0.19
angle = -0.82

[robot.initial_pose.right_thigh]
x = -0.014
y = 0.62
angle = -0.05

[robot.initial_pose.right_shin]
x = 0.11
y = 0.19
angle = 0.82

[servo]
kp = 20.0
ki = 3.1205673217773438
kd = 0.326241135597229
max_torque = 2.55
max_speed_deg_s = 439.0
integral_limit = 10.0
voltage_min_v = 6.0
voltage_max_v = 15.0
nominal_voltage_v = 12.0
stall_current_a = 3.0
no_load_current_a = 0.2
encoder_bits = 14
weight_kg = 0.046
gear_ratio = 330.0

[servo.zero_offsets]
right_hip = -0.05
right_knee = 1.15
left_hip = 0.05
left_knee = -1.15

[servo.initial_targets]
right_hip = -0.05
right_knee = 1.15
left_hip = 0.05
left_knee = -1.15

[walk]
nominal_speed_mps = 0.9148204922676086
max_speed_mps = 0.9148204922676086
max_accel_mps2 = 1.0741468667984009
cycle_frequency_hz = 2.269932746887207
max_cycle_frequency_hz = 2.5076615810394287
nominal_step_length_m = 0.12778684496879578
step_length_gain = 0.019999999552965164
nominal_step_height_m = 0.009999999776482582
run_step_height_m = 0.09455903619527817
stance_duty_factor = 0.62
torso_pitch_kp = 0.5455905199050903
torso_pitch_kd = 0.3134472966194153
hip_upright_gain = 0.95
hip_upright_damping = 0.18
torso_upright_limit_rad = 0.12
torso_forward_lean_per_speed = 0.10
torso_forward_lean_max_rad = 0.06
velocity_kp = 0.5881009697914124
pelvis_height_target_m = 0.865
stance_foot_spread_m = 0.10050711780786514
foot_separation_min_m = 0.14
kick_trigger_distance_m = 0.55
kick_forward_impulse_ns = 0.0
kick_upward_impulse_ns = 0.0
recovery_height_threshold_m = 0.5799999833106995
recovery_angle_threshold_rad = 1.0

[rl]
control_substeps = 4
episode_timeout_s = 20.0
torso_min_height = 0.30000001192092896
torso_max_tilt_rad = 1.25
action_limit_deg = 180.0
reward_forward_weight = 3.0
reward_alive_bonus = 0.05
reward_upright_weight = 0.45
reward_height_weight = 0.25
reward_contact_weight = 0.10
reward_ball_forward_weight = 2.0
penalty_torque_weight = 0.0035
penalty_action_delta_weight = 0.0040
